[22,27,16,2,18,6] -> Insertion Sort
1-Yukarı verilen dizinin sort türüne göre aşamalarını yazınız.
[22, 27, 16, 2, 18, 6] -> [22, 27, 16, 2, 18, 6]
[22, 16, 27, 2, 18, 6] -> [22, 16, 27, 2, 18, 6]
[16, 22, 27, 2, 18, 6] -> [16, 22, 27, 2, 18, 6]
[16, 22, 2, 27, 18, 6] -> [16, 2, 22, 27, 18, 6]
[2, 16, 22, 27, 18, 6] -> [2, 16, 22, 18, 27, 6]
[2, 16, 18, 22, 27, 6] -> [2, 16, 18, 22, 6, 27]
[2, 16, 18, 6, 22, 27] -> [2, 16, 6, 18, 22, 27]
[2, 6, 16, 18, 22, 27]

2-Big-O Notasyonu: O(n^2)

3-Time Complexity:
Average Case: O(n^2)
Worst Case: O(n^2)
Best Case: O(n)

4-Aradığımız sayının ortada olması: Average Case


5-[7, 3, 5, 8, 2, 9, 4, 15, 6] dizisinin Selection Sort'a göre ilk 4 adımı:
Dizi: [7, 3, 5, 8, 2, 9, 4, 15, 6]
[2, 3, 5, 8, 7, 9, 4, 15, 6]
[2, 3, 5, 8, 7, 9, 4, 15, 6]
[2, 3, 4, 8, 7, 9, 5, 15, 6]
[2, 3, 4, 5, 7, 9, 8, 15, 6]
